01100001100000000000
01000000001000000000
01000000000100000000
01000000000010000000
01000000000010000000
01000000000010000000
11000000000010000000
01000000000010000000
01000000000100000000
01000000001000000000
01000000110000000000
11100000000000000000
11000000000000000000
01000000000000000000
01000000000000000000
01000000000000000000
01000000000000000000
01000000000000000000
01000000000000000000
01000000000000000000
01000000000000000000
00000000000000000000
00000000000000000000
00000000000000000000
