00000000100000000010000000000000000
00000010000000000000100000000000000
00000100000000000000010000000000000
00001000000000000000001000000000000
00010000000000000000000100000000000
00100000000000000000000010000000000
01100000000000000000000010000000000
01000000000000000000000001000000000
01000000000000000000000001000000000
01000000000000000000000001000000000
01000000000000000000000001100000000
01000000000000000000000001000000000
01000000000000000000000001000000000
01000000000000000000000001000000000
00000000000000000000000011000000000
00100000000000000000000010000000000
00010000000000000000000100000000000
00011000000000000000001100000000000
00001100000000000000000000000000000
00000010000000000000100000000000000
00000000100000000110000000000000000
00000000000111110000000000000000000
00000000000000000000000000000000000
00000000000000000000000000000000000
