1100000000000000110000000000
1100000000000000110000000000
1100000000000000110000000000
1100000000000000110000000000
1100000000000000110000000000
1100000000000000110000000000
1100000000000000110000000000
1100000000000000110000000000
1100000000000000110000000000
1100000000000000110000000000
1100000000000000110000000000
1100000000000000110000000000
1100000000000000110000000000
1100000000000000110000000000
1100000000000000110000000000
0100000000000000100000000000
0100000000000000100000000000
0100000000000001100000000000
0010000000000001000000000000
0001000000000010000000000000
0000100000000000000000000000
0000001111100000000000000000
0000000000000000000000000000
0000000000000000000000000000
