111111110000000000000000000000000000
110000000100000000000000000000000000
110000000010000000000000000000000000
110000000001000000000000000000000000
110000000001000000000000000000000000
110000000001000000000000000000000000
110000000001000000000000000000000000
110000000001000000000000000000000000
110000000000000000000000000000000000
110000000000000000000000000000000000
110000001100000000000000000000000000
111111100000000000000000000000000000
110001100000000000000000000000000000
100000100000000000000000000000000000
100000000000000000000000000000000000
100000010000000000000000000000000000
110000001000000000000000000000000000
110000000100000000000000000000000000
100000000010000000000000000000000000
100000000000000000000000000000000000
100000000000000000000000000000000000
000000000000000000000000000000000000
000000000000000000000000000000000000
000000000000000000000000000000000000
