000000001110001110000000000000000
000000100000000000000000000000000
000000000000000000010000000000000
000100000000000000001000000000000
001000000000000000000000000000000
000000000000000000000010000000000
010000000000000000000000000000000
100000000000000000000001000000000
100000000000000000000001000000000
100000000000000000000001100000000
100000000000000000000001100000000
100000000000000000000001100000000
100000000000000000000001100000000
100000000000000000000001000000000
010000000000000000000001000000000
010000000000000000000010000000000
001000000000000000000010000000000
000000000000000000000100000000000
000100000000000000001000000000000
000001000000000000010000000000000
000000110000000001000000000000000
000000000111111100000000000000000
000000000000000000000000000000000
000000000000000000000000000000000
