10000000000000001000000000
11000000000000001000000000
11000000000000001000000000
11000000000000001000000000
11000000000000001000000000
11000000000000001000000000
11000000000000001000000000
11000000000000001000000000
11000000000000001000000000
11000000000000001000000000
11000000000000001000000000
11000000000000001000000000
11000000000000001000000000
11000000000000001000000000
11000000000000001000000000
11000000000000011000000000
11000000000000011000000000
01000000000000010000000000
01100000000000010000000000
00000000000000100000000000
00000000000001000000000000
00000111111100000000000000
00000000000000000000000000
00000000000000000000000000
