00000111110000000000000000000000000000
00010000000100000000000000000000000000
00100000000000000000000000000000000000
00100000000000000000000000000000000000
01100000000000000000000000000000000000
01100000000000000000000000000000000000
00100000000000000000000000000000000000
00100000000000000000000000000000000000
00010000000000000000000000000000000000
00000000000000000000000000000000000000
00000000100000000000000000000000000000
00000000001000000000000000000000000000
00000000000100000000000000000000000000
00000000000010000000000000000000000000
00000000000011000000000000000000000000
00000000000011000000000000000000000000
00000000000001000000000000000000000000
00000000000001000000000000000000000000
01000000000000000000000000000000000000
01000000000000000000000000000000000000
00100000000000000000000000000000000000
00001111110000000000000000000000000000
00000000000000000000000000000000000000
00000000000000000000000000000000000000
