00000000000000000000000000000000
00000000010000010000000000000000
00000000000000000010000000000000
00000100000000000001000000000000
00001000000000000000000000000000
00000000000000000000000000000000
00100000000000000000000000000000
00000000000000000000000000000000
01000000000000000000000000000000
01000000000000000000000000000000
01000000000000000000000000000000
11000000000000000000000000000000
11000000000000000000000000000000
01000000000000000000111000000000
01000000000000000000011000000000
01000000000000000000010000000000
00100000000000000000010000000000
00100000000000000000000000000000
00010000000000000000100000000000
00001000000000000001000000000000
00000100000000000010000000000000
00000001000000001000000000000000
00000000011111100000000000000000
00000000000000000000000000000000
