00000000000000000000000000000
00000000000000000000000000000
00000000000000000000000000000
00000000001100000000000000000
00000000001100000000000000000
00000000011110000000000000000
00000000000000000000000000000
00000000000001000000000000000
00000000100000000000000000000
00000000000000100000000000000
00000000000000000000000000000
00000000000000010000000000000
00000010000000000000000000000
00000100000000001000000000000
00000100000000001000000000000
00001100000000001100000000000
00001111111111111100000000000
00010000000000000000000000000
00010000000000000010000000000
00100000000000000000000000000
00100000000000000001000000000
01000000000000000000000000000
00000000000000000000100000000
00000000000000000000000000000
