000000000000000000000000000000
000000000000000000000000000000
000000000000000000010000000000
010000000000000000010000000000
011000000000000000010000000000
011100000000000000010000000000
011110000000000000010000000000
010000000000000000010000000000
010000100000000000010000000000
010000000000000000010000000000
010000001000000000010000000000
110000000000000000010000000000
110000000010000000010000000000
110000000000000000010000000000
110000000000000000010000000000
110000000000000000010000000000
110000000000001000010000000000
110000000000000000010000000000
110000000000000011110000000000
110000000000000000110000000000
110000000000000000010000000000
110000000000000000010000000000
000000000000000000000000000000
000000000000000000000000000000
