0000000000000000000000000
0000000000000000000000000
1100011110000000000000000
1100000000000000000000000
1000000000001000000000000
1000000000000000000000000
1000000000000010000000000
1000000000000001000000000
1000000000000001000000000
1000000000000000100000000
1000000000000000100000000
1000000000000000100000000
1000000000000000100000000
1000000000000000100000000
1000000000000000100000000
1000000000000001000000000
1000000000000001000000000
1000000000000001000000000
1000000000000010000000000
1000000000000100000000000
1000000000010000000000000
1000000011000000000000000
1111110000000000000000000
0000000000000000000000000
