000000000000000000000000
000000000000000000000000
111111100000000000000000
110000000110000000000000
110000000000100000000000
110000000000010000000000
110000000000000000000000
110000000000000000000000
100000000000000000000000
100000000000000000000000
100000000000000010000000
100000000000000010000000
100000000000000010000000
100000000000000010000000
100000000000000010000000
100000000000000010000000
100000000000000010000000
100000000000000100000000
100000000000000000000000
100000000000000000000000
100000000000100000000000
110000000011000000000000
110001111000000000000000
000000000000000000000000
