0000000000000000000000000000000
0000000000000000000000000000000
0000000000111100000000000000000
0000000100000000000000000000000
0000010000000000001000000000000
0000100000000000000000000000000
0001000000000000000000000000000
0010000000000000000000000000000
0010000000000000000000100000000
0100000000000000000000000000000
0100000000000000000000010000000
1100000000000000000000010000000
1100000000000000000000010000000
1100000000000000000000010000000
1100000000000000000000010000000
0100000000000000000000010000000
0100000000000000000000100000000
0000000000000000000000100000000
0010000000000000000000000000000
0001000000000000000001000000000
0000100000000000000010000000000
0000010000000000000000000000000
0000000100000000010000000000000
0000000001111110000000000000000
