0000000000000000000000000000000
0000000000000000000000000000000
0000000000000000000000000000000
0000000000000000000000000000000
0000100000000000000010000000000
0000100000000000000010000000000
0000100000000000000010000000000
0000110000000000000110000000000
0000110000000000000110000000000
0001111000000000001111000000000
0001000000000000010001000000000
0000000100000000000001000000000
0000000000000000000001000000000
0010000010000000000000000000000
0010000000000000000000000000000
0010000000000001000000100000000
0010000000000000000000100000000
0000000000000000000000000000000
0100000000100000000000000000000
0100000000011100000000010000000
0100000000011000000000010000000
0100000000001000000000010000000
1000000000000000000000010000000
1000000000000000000000010000000
