0000000000000000000000000000
0000000000000000000000000000
0000000000000000000000000000
0000000000000000000000000000
0000000000100000000000000000
0000000000100000000000000000
0000000001110000000000000000
0000000001110000000000000000
0000000010001000000000000000
0000000000000000000000000000
0000000100000000000000000000
0000000000000000000000000000
0000001000000000000000000000
0000000000000000000000000000
0000010000000000000000000000
0000010000000001000000000000
0000110000000001000000000000
0001111000000001100000000000
0001000000000000100000000000
0000000000000000010000000000
0010000000000000000000000000
0000000000000000001000000000
0100000000000000000000000000
1000000000000000000100000000
