000000000000000000000000000000
000000000000000000000000000000
000000000000000000000000000000
000000000000000000010000000000
010000000000000000010000000000
010000000000000000010000000000
011100000000000000010000000000
011100000000000000010000000000
010000000000000000010000000000
010000000000000000010000000000
010000000000000000010000000000
010000000000000000010000000000
010000000000000000010000000000
010000000000000000010000000000
010000000000000000010000000000
010000000000000000010000000000
010000000000000000010000000000
010000000000000000010000000000
010000000000000000010000000000
010000000000000011110000000000
010000000000000001110000000000
010000000000000000110000000000
010000000000000000010000000000
010000000000000000000000000000
