0000000000000000000000000000000000
0000000000000000000000000000000000
0000000000000000000000000000000000
0000011110000000000000000000000000
0000000000100000000000000000000000
0000000000000000000000000000000000
0100000000000000000000000000000000
0100000000000000000000000000000000
0100000000000000000000000000000000
0000000000000000000000000000000000
0010000000000000000000000000000000
0000000000000000000000000000000000
0000001000000000000000000000000000
0000000010000000000000000000000000
0000000000000000000000000000000000
0000000000000000000000000000000000
0000000000010000000000000000000000
0000000000000000000000000000000000
0000000000000000000000000000000000
0000000000000000000000000000000000
1000000000010000000000000000000000
0000000000000000000000000000000000
0000000000100000000000000000000000
0000000000000000000000000000000000
