000000000000000000000000000000000000000000000000000000000000000000000000000000000000000000000000000000000
000000000000000000000000000000000000000000000000000000000000000000000000000000000000000000000000000000000
000000000000000000000000000000000000000000000000000000000000000000000000000000000000000000000000000000000
000000000000000000000000000000000000000000000000000000000000000000000000000000000000000000000000000000000
000000000000000000000000000000000000000000000000000000000000000000000000000000000000000000000000000000000
000000000000000000000000000000000000000000000000000000000000000000000000000000000000000000000000000000000
000000000000000000000000000000000000000000000000000000000000000000000000000000000000000000000000000000000
000000000000000000000000000000000000000000000000000011111111111111111111100000000000000000000000000000000
000000000000000000000000000000000000000000000001111111111111111111111111111111100000000000000000000000000
000000000000000000000000000000000000000000001111111111111111111111111111111111111100000000000000000000000
000000000000000000000000000000000000000001111111111111111111111111111111111111111111100000000000000000000
000000000000000000000000000000000000001111111111111111111111111111111111111111111111111110000000000000000
000000000000000000000000000000000001111111111111111111111111111111111111111111111111111111100000000000000
000000000000000000000000000000000011111111111111111111111111111111111111111111111111111111110000000000000
000000000000000000000000000000001111111111111111111111111111111111111111111111111111111111110000000000000
000000000000000000000000000000111111111111111111111111111111111111111111111111111111111111110000000000000
000000000000000000000000000011111111111111111111111111111111111111111111111111111111111111110000000000000
000000000000000000000000000111111111111111111111111111111111111111111111111111111111111111110000000000000
000000000000000000000000011111111111111111111111111111111111111111111111111111111111111111110000000000000
000000000000000000000000111111111111111111111111111111111111111111111111111111111111111111110000000000000
000000000000000000000011111111111111111111111111111111111111111111111111111111111111111111110000000000000
000000000000000000000111111111111111111111111111111111111111111111111111111111111111111111110000000000000
000000000000000000001111111111111111111111111111111111111111111111111111111111111111111111110000000000000
000000000000000000011111111111111111111111111111111111111111111111111111111111111111111111110000000000000
000000000000000000111111111111111111111111111111111111111111111111111111111111111111111111110000000000000
000000000000000001111111111111111111111111111111111111111111111111111111111111111111111111110000000000000
000000000000000011111111111111111111111111111111111111111111111111111111111111111111111111110000000000000
000000000000000111111111111111111111111111111111111111111111111111111111111111111111111111110000000000000
000000000000001111111111111111111111111111111111111111111111111111111111111111111111111111110000000000000
000000000000011111111111111111111111111111111111111111111111111111111111111111111111111111110000000000000
000000000000111111111111111111111111111111111111111111111111111111111111111111111111111111110000000000000
000000000001111111111111111111111111111111111111111111111111111111111111111111111111111111110000000000000
000000000001111111111111111111111111111111111111111111111111111111111111111111111111111111110000000000000
000000000011111111111111111111111111111111111111111111111111111111111111111111111111111111110000000000000
000000000111111111111111111111111111111111111111111111110000000000000000111111111111111111110000000000000
000000000111111111111111111111111111111111111111111110000000000000000000000111111111111111110000000000000
000000001111111111111111111111111111111111111111110000000000000000000000000000011111111111110000000000000
000000011111111111111111111111111111111111111110000000000000000000000000000000000111111111110000000000000
000000011111111111111111111111111111111111111100000000000000000000000000000000000001111111110000000000000
000000111111111111111111111111111111111111110000000000000000000000000000000000000000111111110000000000000
000000111111111111111111111111111111111111100000000000000000000000000000000000000000001111100000000000000
000001111111111111111111111111111111111111000000000000000000000000000000000000000000000111100000000000000
000001111111111111111111111111111111111110000000000000000000000000000000000000000000000001100000000000000
000011111111111111111111111111111111111000000000000000000000000000000000000000000000000001100000000000000
000011111111111111111111111111111111111000000000000000000000000000000000000000000000000000000000000000000
000111111111111111111111111111111111110000000000000000000000000000000000000000000000000000000000000000000
000111111111111111111111111111111111100000000000000000000000000000000000000000000000000000000000000000000
000111111111111111111111111111111111000000000000000000000000000000000000000000000000000000000000000000000
001111111111111111111111111111111111000000000000000000000000000000000000000000000000000000000000000000000
001111111111111111111111111111111110000000000000000000000000000000000000000000000000000000000000000000000
001111111111111111111111111111111110000000000000000000000000000000000000000000000000000000000000000000000
001111111111111111111111111111111100000000000000000000000000000000000000000000000000000000000000000000000
011111111111111111111111111111111100000000000000000000000000000000000000000000000000000000000000000000000
011111111111111111111111111111111000000000000000000000000000000000000000000000000000000000000000000000000
011111111111111111111111111111111000000000000000000000000000000000000000000000000000000000000000000000000
111111111111111111111111111111110000000000000000000000000000000000000000000000000000000000000000000000000
111111111111111111111111111111110000000000000000000000000000000000000000000000000000000000000000000000000
111111111111111111111111111111110000000000000000000000000000000000000000000000000000000000000000000000000
111111111111111111111111111111110000000000000000000000000000000000000000000000000000000000000000000000000
111111111111111111111111111111100000000000000000000000000000000000000000000000000000000000000000000000000
111111111111111111111111111111100000000000000000000000000000000000000000000000000000000000000000000000000
111111111111111111111111111111100000000000000000000000000000000000000000000000000000000000000000000000000
111111111111111111111111111111100000000000000000000000000000000000000000000000000000000000000000000000000
111111111111111111111111111111100000000000000000000000000000000000000000000000000000000000000000000000000
111111111111111111111111111111100000000000000000000000000000000000000000000000000000000000000000000000000
111111111111111111111111111111100000000000000000000000000000000000000000000000000000000000000000000000000
111111111111111111111111111111100000000000000000000000000000000000000000000000000000000000000000000000000
111111111111111111111111111111100000000000000000000000000000000000000000000000000000000000000000000000000
111111111111111111111111111111100000000000000000000000000000000000000000000000000000000000000000000000000
111111111111111111111111111111100000000000000000000000000000000000000000000000000000000000000000000000000
111111111111111111111111111111100000000000000000000000000000000000000000000000000000000000000000000000000
111111111111111111111111111111100000000000000000000000000000000000000000000000000000000000000000000000000
111111111111111111111111111111100000000000000000000000000000000000000000000000000000000000000000000000000
111111111111111111111111111111100000000000000000000000000000000000000000000000000000000000000000000000000
111111111111111111111111111111100000000000000000000000000000000000000000000000000000000000000000000000000
111111111111111111111111111111110000000000000000000000000000000000000000000000000000000000000000000000000
111111111111111111111111111111110000000000000000000000000000000000000000000000000000000000000000000000000
011111111111111111111111111111110000000000000000000000000000000000000000000000000000000000000000000000000
011111111111111111111111111111110000000000000000000000000000000000000000000000000000000000000000000000000
011111111111111111111111111111111000000000000000000000000000000000000000000000000000000000000000000000000
011111111111111111111111111111111000000000000000000000000000000000000000000000000000000000000000000000000
001111111111111111111111111111111100000000000000000000000000000000000000000000000000000000000000000000000
001111111111111111111111111111111100000000000000000000000000000000000000000000000000000000000000000000000
001111111111111111111111111111111110000000000000000000000000000000000000000000000000000000000000000000000
001111111111111111111111111111111110000000000000000000000000000000000000000000000000000000000000000000000
000111111111111111111111111111111111000000000000000000000000000000000000000000000000000000000000000000000
000111111111111111111111111111111111000000000000000000000000000000000000000000000000000000000000000000000
000011111111111111111111111111111111110000000000000000000000000000000000000000000000000000000000000000000
000011111111111111111111111111111111110000000000000000000000000000000000000000000000000000000000000000000
000011111111111111111111111111111111111000000000000000000000000000000000000000000000000000100000000000000
000001111111111111111111111111111111111100000000000000000000000000000000000000000000000001000000000000000
000001111111111111111111111111111111111110000000000000000000000000000000000000000000000011000000000000000
000000111111111111111111111111111111111111000000000000000000000000000000000000000000000111000000000000000
000000111111111111111111111111111111111111110000000000000000000000000000000000000000011111000000000000000
000000011111111111111111111111111111111111111000000000000000000000000000000000000000111111000000000000000
000000011111111111111111111111111111111111111110000000000000000000000000000000000011111111000000000000000
000000001111111111111111111111111111111111111111100000000000000000000000000000001111111111000000000000000
000000000111111111111111111111111111111111111111111100000000000000000000000001111111111111000000000000000
000000000111111111111111111111111111111111111111111111110000000000000000011111111111111111000000000000000
000000000011111111111111111111111111111111111111111111111111111111111111111111111111111111000000000000000
000000000001111111111111111111111111111111111111111111111111111111111111111111111111111111000000000000000
000000000000111111111111111111111111111111111111111111111111111111111111111111111111111111000000000000000
000000000000111111111111111111111111111111111111111111111111111111111111111111111111111111000000000000000
000000000000011111111111111111111111111111111111111111111111111111111111111111111111111111000000000000000
000000000000001111111111111111111111111111111111111111111111111111111111111111111111111111000000000000000
000000000000000111111111111111111111111111111111111111111111111111111111111111111111111111000000000000000
000000000000000011111111111111111111111111111111111111111111111111111111111111111111111111000000000000000
000000000000000001111111111111111111111111111111111111111111111111111111111111111111111111000000000000000
000000000000000000111111111111111111111111111111111111111111111111111111111111111111111111000000000000000
000000000000000000011111111111111111111111111111111111111111111111111111111111111111111111000000000000000
000000000000000000000111111111111111111111111111111111111111111111111111111111111111111111000000000000000
000000000000000000000011111111111111111111111111111111111111111111111111111111111111111111000000000000000
000000000000000000000001111111111111111111111111111111111111111111111111111111111111111111000000000000000
000000000000000000000000011111111111111111111111111111111111111111111111111111111111111111000000000000000
000000000000000000000000001111111111111111111111111111111111111111111111111111111111111111000000000000000
000000000000000000000000000111111111111111111111111111111111111111111111111111111111111111000000000000000
000000000000000000000000000001111111111111111111111111111111111111111111111111111111111111000000000000000
000000000000000000000000000000011111111111111111111111111111111111111111111111111111111111000000000000000
000000000000000000000000000000001111111111111111111111111111111111111111111111111111111111000000000000000
000000000000000000000000000000000001111111111111111111111111111111111111111111111111111111000000000000000
000000000000000000000000000000000000011111111111111111111111111111111111111111111111111111000000000000000
000000000000000000000000000000000000000111111111111111111111111111111111111111111111111111000000000000000
000000000000000000000000000000000000000000111111111111111111111111111111111111111111111000000000000000000
000000000000000000000000000000000000000000000111111111111111111111111111111111111110000000000000000000000
000000000000000000000000000000000000000000000000011111111111111111111111111111100000000000000000000000000
000000000000000000000000000000000000000000000000000000111111111111111111100000000000000000000000000000000
000000000000000000000000000000000000000000000000000000000000000000000000000000000000000000000000000000000
000000000000000000000000000000000000000000000000000000000000000000000000000000000000000000000000000000000
000000000000000000000000000000000000000000000000000000000000000000000000000000000000000000000000000000000
000000000000000000000000000000000000000000000000000000000000000000000000000000000000000000000000000000000
000000000000000000000000000000000000000000000000000000000000000000000000000000000000000000000000000000000
000000000000000000000000000000000000000000000000000000000000000000000000000000000000000000000000000000000
000000000000000000000000000000000000000000000000000000000000000000000000000000000000000000000000000000000
