0000000000000000000000000
0000000000000000000000000
0000000000000000000000000
0111110000000000000000000
0100000001000000000000000
0100000000000000000000000
0100000000000100000000000
0100000000000010000000000
0100000000000000000000000
0100000000000001000000000
0100000000000001000000000
0100000000000000100000000
0100000000000000100000000
0100000000000000100000000
0100000000000000100000000
0100000000000000000000000
0100000000000000000000000
0100000000000001000000000
0100000000000000000000000
0100000000000000000000000
0100000000000100000000000
0100000000000000000000000
0100000000100000000000000
0111111100000000000000000
