000000000000000000000000000000000
000000000000000000000000000000000
000000000000000000000000000000000
011111111100000000000000000000000
110000000000000000000000000000000
100000000000000000000000000000000
100000000000000000000000000000000
100000000000000000000000000000000
100000000000000000000000000000000
100000000000000000000000000000000
100000000000000000000000000000000
100000000000000000000000000000000
111111111100000000000000000000000
100000000000000000000000000000000
100000000000000000000000000000000
100000000000000000000000000000000
100000000000000000000000000000000
100000000000000000000000000000000
100000000000000000000000000000000
100000000000000000000000000000000
100000000000000000000000000000000
100000000000000000000000000000000
100000000000000000000000000000000
111111111100000000000000000000000
