000000000000000000000000
000000000000000000000000
000000000000000000000000
011111000000000000000000
100000001100000000000000
100000000001000000000000
100000000000000000000000
100000000000010000000000
100000000000000000000000
100000000000000000000000
100000000000000000000000
100000000000000100000000
100000000000000100000000
100000000000000100000000
100000000000000100000000
100000000000000000000000
100000000000001000000000
100000000000000000000000
100000000000000000000000
100000000000000000000000
100000000000000000000000
100000000000000000000000
100000000000000000000000
111111000000000000000000
