000000000000000000000000000000
000000000000000000000000000000
000000000000000000000000000000
000000000000000000000000000000
000000000000000000000000000000
000000000000000000000000000000
000010000000000000010000000000
000010000000000000010000000000
000011000000000000110000000000
000011000000000001110000000000
000111000000000000001000000000
000000000000000000001000000000
000000000000000000001000000000
000000000000000000000000000000
001000000000000000000000000000
001000000000000000000100000000
000000000000000000000100000000
000000000000000000000100000000
000000000000000000000100000000
010000000001100000000000000000
010000000001000000000000000000
000000000001000000000010000000
000000000000000000000010000000
100000000000000000000000000000
