000000000000000000000000000000000000000000000000000000000000000000000000000000000000000000000000000000000000000
000000000000000000000000000000000000000000000000000000000000000000000000000000000000000000000000000000000000000
000000000000000000000000000000000000000000000000000000000000000000000000000000000000000000000000000000000000000
000000000000000000000000000000000000000000000000000000000000000000000000000000000000000000000000000000000000000
000000000000000000100000000000000000000000000000000000000000000000000000000000000000000000000000000000000000000
010000000000000000100000000000000000000000000000000000000000000000000000000000000000000000000000000000000000000
011000000000000000100000000000000000000000000000000000000000000000000000000000000000000000000000000000000000000
011100000000000000100000000000000000000000000000000000000000000000000000000000000000000000000000000000000000000
111110000000000000100000000000000000000000000000000000000000000000000000000000000000000000000000000000000000000
100001000000000000100000000000000000000000000000000000000000000000000000000000000000000000000000000000000000000
100000000000000000100000000000000000000000000000000000000000000000000000000000000000000000000000000000000000000
100000010000000000100000000000000000000000000000000000000000000000000000000000000000000000000000000000000000000
100000000000000000100000000000000000000000000000000000000000000000000000000000000000000000000000000000000000000
100000000000000000100000000000000000000000000000000000000000000000000000000000000000000000000000000000000000000
100000000000000000100000000000000000000000000000000000000000000000000000000000000000000000000000000000000000000
100000000001000000100000000000000000000000000000000000000000000000000000000000000000000000000000000000000000000
100000000000000000100000000000000000000000000000000000000000000000000000000000000000000000000000000000000000000
100000000000010000100000000000000000000000000000000000000000000000000000000000000000000000000000000000000000000
100000000000001000100000000000000000000000000000000000000000000000000000000000000000000000000000000000000000000
100000000000000111100000000000000000000000000000000000000000000000000000000000000000000000000000000000000000000
100000000000000011100000000000000000000000000000000000000000000000000000000000000000000000000000000000000000000
100000000000000001100000000000000000000000000000000000000000000000000000000000000000000000000000000000000000000
100000000000000000100000000000000000000000000000000000000000000000000000000000000000000000000000000000000000000
100000000000000000000000000000000000000000000000000000000000000000000000000000000000000000000000000000000000000
