0000000000000000000000000000000000000000000000000000000000000000000000000000000000000000000000000
0000000000000000000000000000000000000000000000000000000000000000000000000000000000000000000000000
0000000000000000000000000000000000000000000000000000000000000000000000000000000000000000000000000
0000000000000000000000000000000000000000000000000000000000000000000000000000000000000000000000000
0000000000000000000000000000000000000000000000000000000000000000000000000000000000000000000000000
0000000000000000000000000000000000000000000000000000000000000000000000000000000000000000000000000
0000000000000000000000000000000000000000000000000000000000000000000000000000000000000000000000000
0000000000000000000000000000000000000000000000000000000000000000000000000000000000000000000000000
0000000000000000000000000000000000000000000000000000000000000000000000000000000000000000000000000
0000000000000000000000000000000000000000000000000000000000000000000000000000000000000000000000000
0000000000000000000000000000000000000000000000000000000000000000000000000000000000000000000000000
0000000000000000000000000000000000000000000000000000000000000000000000000000000000000000000000000
0000000000000000000000000000000000000000000000000000000000000000000000000000000000000000000000000
0000000000000000000000000000000000000000000000000000000000000000000000000000000000000000000000000
0000000000000000000000000000000000000000000000000000000000000000000000000000000000000000000000000
0000000000000000000000000000000000000000000000000000000000000000000000000000000000000000000000000
0000000000000000000000000000000000000000000000000000000000000000000000000000000000000000000000000
0000000000000000000000000000000000000000000000000000000000000000000000000000000000000000000000000
0000000000000000000000000000000000000000000000000000000000000000000000000000000000000000000000000
0001111111111111111110000000000000000000000000000000000000000000000000000000000000000000000000000
0001111111111111111111111111111111111111111111111111000000000000000000000000000000000000000000000
0001111111111111111111111111111111111111111111111111111110000000000000000000000000000000000000000
0001111111111111111111111111111111111111111111111111111111111000000000000000000000000000000000000
0001111111111111111111111111111111111111111111111111111111111111000000000000000000000000000000000
0001111111111111111111111111111111111111111111111111111111111111110000000000000000000000000000000
0011111111111111111111111111111111111111111111111111111111111111111100000000000000000000000000000
0011111111111111111111111111111111111111111111111111111111111111111111000000000000000000000000000
0011111111111111111111111111111111111111111111111111111111111111111111100000000000000000000000000
0011111111111111111111111111111111111111111111111111111111111111111111111000000000000000000000000
0011111111111111111111111111111111111111111111111111111111111111111111111100000000000000000000000
0011111111111111111111111111111111111111111111111111111111111111111111111110000000000000000000000
0011111111111111111111111111111111111111111111111111111111111111111111111111000000000000000000000
0011111111111111111111111111111111111111111111111111111111111111111111111111100000000000000000000
0011111111111111111111111111111111111111111111111111111111111111111111111111110000000000000000000
0011111111111111111111111111111111111111111111111111111111111111111111111111111000000000000000000
0011111111111111111111111111111111111111111111111111111111111111111111111111111000000000000000000
0011111111111111111111111111111111111111111111111111111111111111111111111111111100000000000000000
0011111111111111111111111111111111111111111111111111111111111111111111111111111100000000000000000
0011111111111111111111111111111111111111111111111111111111111111111111111111111110000000000000000
0011111111111111111111111111111111111111111111111111111111111111111111111111111110000000000000000
0011111111111111111111111111110000000000111111111111111111111111111111111111111111000000000000000
0011111111111111111111111111110000000000000011111111111111111111111111111111111111000000000000000
0011111111111111111111111111110000000000000000011111111111111111111111111111111111000000000000000
0011111111111111111111111111110000000000000000000111111111111111111111111111111111100000000000000
0011111111111111111111111111110000000000000000000001111111111111111111111111111111100000000000000
0011111111111111111111111111110000000000000000000000111111111111111111111111111111100000000000000
0011111111111111111111111111110000000000000000000000111111111111111111111111111111110000000000000
0011111111111111111111111111110000000000000000000000011111111111111111111111111111110000000000000
0011111111111111111111111111110000000000000000000000001111111111111111111111111111110000000000000
0011111111111111111111111111110000000000000000000000001111111111111111111111111111110000000000000
0011111111111111111111111111110000000000000000000000000111111111111111111111111111110000000000000
0011111111111111111111111111110000000000000000000000000111111111111111111111111111110000000000000
0011111111111111111111111111110000000000000000000000000111111111111111111111111111110000000000000
0011111111111111111111111111110000000000000000000000000111111111111111111111111111110000000000000
0011111111111111111111111111110000000000000000000000000111111111111111111111111111110000000000000
0011111111111111111111111111110000000000000000000000000111111111111111111111111111110000000000000
0011111111111111111111111111110000000000000000000000000111111111111111111111111111110000000000000
0011111111111111111111111111110000000000000000000000000111111111111111111111111111110000000000000
0011111111111111111111111111110000000000000000000000000111111111111111111111111111110000000000000
0011111111111111111111111111110000000000000000000000001111111111111111111111111111100000000000000
0011111111111111111111111111110000000000000000000000001111111111111111111111111111100000000000000
0011111111111111111111111111110000000000000000000000001111111111111111111111111111100000000000000
0011111111111111111111111111110000000000000000000000011111111111111111111111111111100000000000000
0011111111111111111111111111110000000000000000000000011111111111111111111111111111100000000000000
0011111111111111111111111111110000000000000000000000111111111111111111111111111111000000000000000
0011111111111111111111111111110000000000000000000001111111111111111111111111111111000000000000000
0011111111111111111111111111100000000000000000000111111111111111111111111111111111000000000000000
0011111111111111111111111111100000000000000000001111111111111111111111111111111110000000000000000
0011111111111111111111111111100000000000000001111111111111111111111111111111111110000000000000000
0011111111111111111111111111111111111111111111111111111111111111111111111111111100000000000000000
0011111111111111111111111111111111111111111111111111111111111111111111111111111100000000000000000
0011111111111111111111111111111111111111111111111111111111111111111111111111111000000000000000000
0011111111111111111111111111111111111111111111111111111111111111111111111111110000000000000000000
0011111111111111111111111111111111111111111111111111111111111111111111111111110000000000000000000
0011111111111111111111111111111111111111111111111111111111111111111111111111000000000000000000000
0011111111111111111111111111111111111111111111111111111111111111111111111111000000000000000000000
0011111111111111111111111111111111111111111111111111111111111111111111111100000000000000000000000
0011111111111111111111111111111111111111111111111111111111111111111111111000000000000000000000000
0111111111111111111111111111111111111111111111111111111111111111111111110000000000000000000000000
0111111111111111111111111111111111111111111111111111111111111111111111100000000000000000000000000
0111111111111111111111111111111111111111111111111111111111111111111110000000000000000000000000000
0111111111111111111111111111111111111111111111111111111111111111111000000000000000000000000000000
0111111111111111111111111111111111111111111111111111111111111111000000000000000000000000000000000
0111111111111111111111111111111111111111111111111111111111111100000000000000000000000000000000000
0111111111111111111111111111111111111111111111111111111111100000000000000000000000000000000000000
0111111111111111111111111111111111111111111111111111111111100000000000000000000000000000000000000
0111111111111111111111111111111111111111111111111111111111100000000000000000000000000000000000000
0111111111111111111111111111100011111111111111111111111111110000000000000000000000000000000000000
0111111111111111111111111111100001111111111111111111111111111000000000000000000000000000000000000
0111111111111111111111111111100001111111111111111111111111111000000000000000000000000000000000000
0111111111111111111111111111100000111111111111111111111111111100000000000000000000000000000000000
0111111111111111111111111111100000111111111111111111111111111110000000000000000000000000000000000
0111111111111111111111111111100000011111111111111111111111111111000000000000000000000000000000000
0111111111111111111111111111100000001111111111111111111111111111000000000000000000000000000000000
0111111111111111111111111111100000001111111111111111111111111111100000000000000000000000000000000
0111111111111111111111111111100000000111111111111111111111111111110000000000000000000000000000000
0111111111111111111111111111100000000111111111111111111111111111111000000000000000000000000000000
0111111111111111111111111111100000000011111111111111111111111111111100000000000000000000000000000
0111111111111111111111111111100000000001111111111111111111111111111100000000000000000000000000000
0111111111111111111111111111100000000001111111111111111111111111111110000000000000000000000000000
0111111111111111111111111111100000000000111111111111111111111111111111000000000000000000000000000
0111111111111111111111111111100000000000011111111111111111111111111111100000000000000000000000000
0111111111111111111111111111100000000000011111111111111111111111111111100000000000000000000000000
0111111111111111111111111111100000000000001111111111111111111111111111110000000000000000000000000
0111111111111111111111111111100000000000001111111111111111111111111111111000000000000000000000000
0111111111111111111111111111100000000000000111111111111111111111111111111000000000000000000000000
0111111111111111111111111111100000000000000011111111111111111111111111111100000000000000000000000
0111111111111111111111111111100000000000000011111111111111111111111111111110000000000000000000000
0111111111111111111111111111100000000000000001111111111111111111111111111111000000000000000000000
0111111111111111111111111111100000000000000000111111111111111111111111111111100000000000000000000
0111111111111111111111111111100000000000000000111111111111111111111111111111100000000000000000000
0111111111111111111111111111100000000000000000011111111111111111111111111111110000000000000000000
0111111111111111111111111111100000000000000000001111111111111111111111111111111000000000000000000
0111111111111111111111111111100000000000000000001111111111111111111111111111111100000000000000000
0111111111111111111111111111100000000000000000000111111111111111111111111111111100000000000000000
0111111111111111111111111111100000000000000000000011111111111111111111111111111110000000000000000
0111111111111111111111111111000000000000000000000011111111111111111111111111111111000000000000000
0111111111111111111111111111000000000000000000000001111111111111111111111111111111100000000000000
0111111111111111111111111111000000000000000000000001111111111111111111111111111111110000000000000
0111111111111111111111111111000000000000000000000000111111111111111111111111111111110000000000000
0111111111111111111111111111000000000000000000000000011111111111111111111111111111111000000000000
0111111111111111111111111111000000000000000000000000011111111111111111111111111111111100000000000
0111111111111111111111111111000000000000000000000000001111111111111111111111111111111100000000000
0111111111111111111111111111000000000000000000000000000111111111111111111111111111111110000000000
0111111111111111111111111111000000000000000000000000000111111111111111111111111111111111000000000
0111111111111111111111111111000000000000000000000000000011111111111111111111111111111111100000000
0111111111111111111111111111000000000000000000000000000011111111111111111111111111111111100000000
0111111111111111111111111111000000000000000000000000000001111111111111111111111111111111110000000
0000000000000000000000000000000000000000000000000000000000111111111111111111111111111111111000000
0000000000000000000000000000000000000000000000000000000000000000000000000000000000011100011100000
0000000000000000000000000000000000000000000000000000000000000000000000000000000000000000000000000
0000000000000000000000000000000000000000000000000000000000000000000000000000000000000000000000000
0000000000000000000000000000000000000000000000000000000000000000000000000000000000000000000000000
